0.0,0
0.025,0
0.05,0
0.075,0
0.1,0.17326145369181428
0.125,0.1277343652284307
0.15000000000000002,0.09957121726999235
0.17500000000000002,0.0791389854361023
0.2,0.06387832107292277
0.225,0.0528797089272462
0.25,0.04410499717459976
0.275,0.037141844210505086
0.30000000000000004,0.031730241855173216
0.325,0.027099967868364657
0.35,0.023417655727076724
0.375,0.02044070264057396
0.4,0.017999501718671863
0.42500000000000004,0.01581865947660452
0.45000000000000007,0.01396431389303564
0.475,0.012410749954576968
0.5,0.011096969177545086
0.525,0.009976589896323888
0.55,0.009013854171213002
0.5750000000000001,0.008180848171660655
0.6,0.007425578337445795
0.625,0.006751937710065158
0.65,0.00616235444599794
0.675,0.005643684260702249
0.7000000000000001,0.005185224484315345
0.725,0.004778193628075166
0.75,0.004415335208139047
0.775,0.004090613178999439
0.8,0.0037902558938998705
0.8250000000000001,0.0035152550997759793
0.85,0.0032675465073888506
0.875,0.003043734004082911
0.9,0.0028409249548569716
0.925,0.0026566442075969103
0.9500000000000001,0.002488764625201236
0.975,0.002335450632807529
1.,0.002195112082344741
1.0250000000000001,0.0020663663470072463
1.05,0.0019462698333683392
1.0750000000000002,0.0018323863634712772
1.1,0.0017275597686002445
1.1250000000000002,0.0016308877918359262
1.1500000000000001,0.0015415754130126752
1.175,0.0014589201272718663
1.2000000000000002,0.0013822995046869713
1.225,0.001311160638828764
1.2500000000000002,0.0012450111659364797
1.2750000000000001,0.0011834115951143017
1.3000000000000003,0.00112596873697547
1.3250000000000002,0.0010723300559334612
1.35,0.0010221788018369505
1.3750000000000002,0.0009752298013708828
1.4000000000000001,0.00093122580977447
1.4250000000000003,0.0008899343398777564
1.4500000000000002,0.0008511448989546073
1.475,0.0008146665750026677
1.5000000000000002,0.0007792571383411056
1.5250000000000001,0.0007453614860602315
1.5500000000000003,0.0007134559555361377
1.5750000000000002,0.0006833943695253676
1.6,0.0006550433755299329
1.6250000000000002,0.0006282811430287
1.6500000000000001,0.0006029962105474497
1.6750000000000003,0.0005790864633804599
1.7000000000000002,0.0005564582254762681
1.725,0.0005350254512869958
1.7500000000000002,0.0005147090053224109
1.7750000000000001,0.0004954360188028535
1.8000000000000003,0.00047713931421560223
1.8250000000000002,0.00045975688978558833
1.85,0.00044323145690544424
1.8750000000000002,0.0004275100244582425
1.9000000000000001,0.0004125435247310972
1.9250000000000003,0.00039828647627761986
1.9500000000000002,0.0003846966796576028
1.975,0.00037173494247632537
2.,0.0003593648305746158
2.025,0.00034755244259352427
2.0500000000000003,0.00033626620546212566
2.075,0.00032547668864023056
2.1,0.0003151564351953723
2.125,0.000305122457345973
2.1500000000000004,0.00029510369528267807
2.1750000000000003,0.0002855240863350791
2.2,0.0002763596601259345
2.225,0.0002675880066021836
2.25,0.0002591881584286619
2.2750000000000004,0.0002511404834287038
2.3000000000000003,0.00024342658611450056
2.325,0.00023602921745047637
2.35,0.00022893219208187436
2.375,0.00022212031233959608
2.4000000000000004,0.00021557929840237817
2.4250000000000003,0.00020929572405965562
2.45,0.00020325695757390327
2.475,0.0001974511071906654
2.5000000000000004,0.00019186697088858864
2.5250000000000004,0.00018649399000118105
2.5500000000000003,0.00018132220637727753
2.575,0.0001763422227787571
2.6,0.00017154516624237514
2.6250000000000004,0.00016692265415796842
2.6500000000000004,0.00016246676283812998
2.6750000000000003,0.00015816999837497316
2.7,0.00015402526959810015
2.725,0.0001500258629645464
2.7500000000000004,0.00014616541922650434
2.7750000000000004,0.00014243791173620737
2.8000000000000003,0.0001388376262596197
2.825,0.0001353591421816832
2.85,0.00013199731499592007
2.8750000000000004,0.00012874725998030605
2.9000000000000004,0.0001256043369695916
2.9250000000000003,0.00012254556974334257
2.95,0.00011954442655744966
2.975,0.0001166411851078164
3.0000000000000004,0.00011383186878978603
3.0250000000000004,0.00011111269379988601
3.0500000000000003,0.0001084800582962898
3.075,0.00010593053225120849
3.1,0.00010346084794585951
3.1250000000000004,0.00010106789106254469
3.1500000000000004,0.00009874869233192124
3.1750000000000003,0.0000965004196967939
3.2,0.00009432037095673143
3.225,0.00009220596686053077
3.2500000000000004,0.0000901547446160512
3.2750000000000004,0.00008816435178922751
3.3000000000000003,0.00008623254056617465
3.325,0.00008435716235422629
3.35,0.00008253616269952407
3.3750000000000004,0.00008076757650040527
3.4000000000000004,0.00007904952349734126
3.4250000000000003,0.00007738020402155821
3.45,0.00007575789498574976
3.475,0.00007418094610146498
3.5000000000000004,0.00007264777630883732
3.5250000000000004,0.00007115687040532535
3.5500000000000003,0.00006970677586105552
3.575,0.00006829609980921546
3.6,0.00006692350620073421
3.6250000000000004,0.00006558771311321764
3.6500000000000004,0.00006428749020478349
3.6750000000000003,0.00006302165630406758
3.7,0.00006178907712825307
3.725,0.000060588663121514984
3.7500000000000004,0.00005941936740676831
3.7750000000000004,0.00005828018384407626
3.8000000000000003,0.00005717014518950205
3.825,0.000056088321348590426
3.85,0.000055033817719034974
3.8750000000000004,0.00005400577361743554
3.9000000000000004,0.0000530033607853698
3.9250000000000003,0.000052025781970303814
3.95,0.00005107226957714559
3.975,0.000050142084386505184
4.,0.00004923451433596756
4.025,0.00004833579995580459
4.05,0.000047425213228753286
4.075,0.000046537227112349284
4.1,0.000045671147127163436
4.125,0.000044826304187838506
4.1499999999999995,0.000044002053528083506
4.175,0.00004319777367730241
4.2,0.000042412865486085957
4.225,0.00004164675119796032
4.25,0.00004089887356493892
4.2749999999999995,0.00004016869500456824
4.3,0.00003945569679629217
4.325,0.00003875937831508556
4.35,0.0000380792563004254
4.375,0.00003741486415877943
4.3999999999999995,0.000036765751297893816
4.425,0.000036131482491260314
4.45,0.000035511637271234006
4.475,0.00003490580934935739
4.5,0.00003431360606252848
4.5249999999999995,0.000033734647843724365
4.55,0.000033168567716063604
4.575,0.000032615010809057214
4.6,0.00003207363389596024
4.625,0.00003154410495119523
4.6499999999999995,0.00003102610272687416
4.675,0.00003051931634749718
4.7,0.000030023444921956618
4.725,0.000029538197172019377
4.75,0.000029063291076505783
4.7749999999999995,0.00002859845353042358
4.8,0.000028143420018353636
4.825,0.000027697934301422072
4.85,0.000027261748117225834
4.875,0.000026834620892113145
4.9,0.000026416319465249877
4.925,0.00002600661782393154
4.95,0.000025605296849628994
4.975,0.000025212144074280662
5.,0.000024826953446369222
5.025,0.000024449525106343288
5.05,0.000024079665170966574
5.075,0.000023717185526197676
5.1,0.000023361903628223282
5.125,0.000023013642312285297
5.15,0.0000226722296089611
5.175,0.000022337498567571264
5.2,0.000022009287086405933
5.225,0.000021687437749475273
5.25,0.000021371797669503267
5.275,0.00002106221833689826
5.3,0.000020758555474445216
5.325,0.000020460668897477664
5.35,0.000020168422379297927
5.375,0.000019881683521625295
5.4,0.00001959731841884441
5.425,0.000019317591524591324
5.45,0.000019043116075568615
5.475,0.00001877377006870655
5.5,0.000018509434874408658
5.525,0.000018249995128501643
5.55,0.0000179953386281149
5.575,0.000017745356231329767
5.6,0.000017499941760446214
5.625,0.000017258991908720636
5.65,0.000017022406150435865
5.675,0.00001679008665417014
5.7,0.00001656193819913756
5.725,0.000016337868094478865
5.75,0.00001611778610138551
5.775,0.000015901604357946503
5.8,0.000015689237306610907
5.825,0.00001548060162416462
5.85,0.000015275616154123754
5.875,0.000015074201841451363
5.9,0.000014876281669508284
5.925,0.000014681780599152437
5.95,0.000014490625509904837
5.975,0.000014302745143103719
6.,0.00001411807004697186
6.025,0.000013936532523524727
6.05,0.00001375806657725075
6.075,0.000013582607865497407
6.1,0.000013410093650499778
6.125,0.000013240462752990514
6.15,0.000013073655507333265
6.175,0.000012909613718123326
6.2,0.000012748280618201802
6.225,0.000012589600828032052
6.25,0.000012433520316388588
6.275,0.000012279986362311444
6.3,0.000012128947518279877
6.325,0.000011980353574562231
6.35,0.000011834155524699593
6.375,0.00001169030553208295
6.4,0.000011548756897585166
6.425,0.000011409464028210564
6.45,0.000011272382406726009
6.475,0.00001113746856223967
6.5,0.00001100468004169373
6.525,0.000010873975382239797
6.55,0.000010745314084466138
6.575,0.000010618656586447373
6.6,0.000010493964238588564
6.625,0.000010371199279236151
6.65,0.000010250324811029896
6.675,0.00001013130477797041
6.7,0.000010014103943178174
6.725,9.898687867320648e-6
6.75,9.785022887684998e-6
6.775,9.673076097874915e-6
6.8,9.562815328110554e-6
6.825,9.45420912611166e-6
6.85,9.347226738544534e-6
6.875,9.241838093014124e-6
6.9,9.13801378058351e-6
6.925,9.035725038803295e-6
6.95,8.934943735234399e-6
6.975,8.835642351448126e-6
7.,8.737793967488026e-6
7.025,8.64137224677872e-6
7.05,8.546351421467165e-6
7.075,8.452706278182619e-6
7.1,8.360412144201804e-6
7.125,8.269444874006469e-6
7.15,8.179780836220793e-6
7.175,8.090008691879999e-6
7.2,8.00047771236872e-6
7.225,7.912242759793507e-6
7.25,7.825280685582399e-6
7.275,7.739568832455526e-6
7.3,7.655085022357704e-6
7.325,7.571807544727332e-6
7.35,7.489715145091334e-6
7.375,7.408787013975853e-6
7.4,7.329002776123039e-6
7.425,7.250342480004421e-6
7.45,7.172786587621666e-6
7.475,7.096315964586171e-6
7.5,7.0209118704686185e-6
7.525,6.946555949410565e-6
7.55,6.873230220990003e-6
7.575,6.800917071333129e-6
7.6,6.729599244465067e-6
7.625,6.659259833892187e-6
7.65,6.58988227440928e-6
7.675,6.521450334124649e-6
7.7,6.453948106696836e-6
7.725,6.38736000377652e-6
7.75,6.32167074764775e-6
7.775,6.25686536406235e-6
7.8,6.192929175262111e-6
7.825,6.129847793183056e-6
7.85,6.067607112836546e-6
7.875,6.006193305862044e-6
7.9,5.945592814246731e-6
7.925,5.885792344206795e-6
7.95,5.826778860226095e-6
7.975,5.768539579247472e-6
8.,5.711061965012365e-6
8.025,5.65433372254457e-6
8.05,5.598342792773932e-6
8.075000000000001,5.543077347296107e-6
8.1,5.488525783264381e-6
8.125,5.434676718410106e-6
8.15,5.381518986187749e-6
8.175,5.32904163104145e-6
8.2,5.277233903789385e-6
8.225,5.226085257122839e-6
8.25,5.175585341216726e-6
8.275,5.125723999448471e-6
8.3,5.076491264222293e-6
8.325,5.027877352895959e-6
8.35,4.979872663807188e-6
8.375,4.932467772397001e-6
8.4,4.885653427427387e-6
8.425,4.839420547290663e-6
8.45,4.793760216408086e-6
8.475,4.748663681715292e-6
8.5,4.704122349232228e-6
8.525,4.6601277807152414e-6
8.55,4.616671690389275e-6
8.575,4.573745941757811e-6
8.6,4.531342544488719e-6
8.625,4.48945365137379e-6
8.65,4.448071555360169e-6
8.675,4.407188686651646e-6
8.7,4.366797609878088e-6
8.725,4.326891021331079e-6
8.75,4.28746174626425e-6
8.775,4.248502736256341e-6
8.8,4.210007066635559e-6
8.825,4.171967933963593e-6
8.85,4.134378653577675e-6
8.875,4.097232657189269e-6
8.9,4.060523490537912e-6
8.925,4.024244811098704e-6
8.95,3.988390385842236e-6
8.975,3.952954089045449e-6
9.,3.917929900152228e-6
9.025,3.8833119016824845e-6
9.05,3.8490942771883535e-6
9.075,3.815271309256521e-6
9.1,3.7818373775553376e-6
9.125,3.7487869569257173e-6
9.15,3.716114615514682e-6
9.175,3.6838150129504155e-6
9.2,3.6518828985579327e-6
9.225,3.6203131096142415e-6
9.25,3.589100569642058e-6
9.275,3.558240286741154e-6
9.3,3.5277273519562963e-6
9.325,3.4975569376810748e-6
9.35,3.4677242960964905e-6
9.375,3.438224757643699e-6
9.4,3.409053729529863e-6
9.425,3.380206694266523e-6
9.45,3.351679208239437e-6
9.475,3.323466900309386e-6
9.5,3.2955654704430467e-6
9.525,3.267970688373233e-6
9.55,3.239140552997682e-6
9.575,3.210112659316084e-6
9.6,3.181419579650898e-6
9.625,3.15305659530047e-6
9.65,3.125019066080232e-6
9.675,3.0973024288173964e-6
9.700000000000001,3.0699021958781886e-6
9.725,3.0428139537270334e-6
9.75,3.016033361516773e-6
9.775,2.9895561497092916e-6
9.8,2.963378118725706e-6
9.825000000000001,2.9374951376254926e-6
9.85,2.9119031428138134e-6
9.875,2.8865981367764425e-6
9.9,2.861576186841476e-6
9.925,2.8368334239674212e-6
9.950000000000001,2.8123660415568093e-6
9.975,2.7881702942949283e-6
10.,2.764242497012903e-6
